[?25l[0m [38;2;0;0;0m      [7m[38;2;4;235;126m▋[0m[38;2;26;130;86;48;2;8;234;129m▔[38;2;31;118;84;48;2;17;211;126m▔[38;2;36;106;82;48;2;26;188;122m▔[38;2;41;94;80;48;2;36;166;118m▔[38;2;46;81;78;48;2;45;143;115m▔[38;2;51;69;76;48;2;55;121;111m▔[0m[7m[38;2;59;90;98m▐[0m[38;2;46;10;35m                 [0m
 [38;2;0;0;0m      [7m[38;2;1;249;132m▋[0m[38;2;10;228;129;48;2;6;239;130m▐[38;2;20;206;125;48;2;15;217;127m▐[38;2;29;183;121;48;2;24;194;123m▐[38;2;39;161;118;48;2;34;172;119m▐[38;2;48;138;114;48;2;43;149;116m▐[38;2;57;115;111;48;2;52;127;112m▐[0m[7m[38;2;60;95;102m▐[0m[38;2;45;9;34m                 [0m
 [38;2;0;0;0m      [7m[38;2;1;249;132m▋[0m[38;2;10;228;128;48;2;6;239;130m▐[38;2;20;206;125;48;2;15;217;127m▐[38;2;29;183;121;48;2;24;194;123m▐[38;2;39;161;118;48;2;34;172;119m▐[38;2;48;138;114;48;2;43;149;116m▐[38;2;57;115;111;48;2;53;127;113m▐[0m[7m[38;2;60;95;102m▐[0m[38;2;45;9;34m  [0m               [0m
 [38;2;0;0;0m      [7m[38;2;1;249;132m▋[0m[38;2;10;228;128;48;2;6;239;130m▐[38;2;20;206;125;48;2;15;217;127m▐[38;2;29;183;121;48;2;24;194;123m▐[38;2;39;161;118;48;2;34;172;119m▐[38;2;48;138;114;48;2;43;149;116m▐[38;2;57;115;111;48;2;53;127;113m▐[0m[7m[38;2;60;95;102m▐[0m[38;2;45;9;34m  [38;2;5;229;197m▐[38;2;10;242;208;48;2;6;247;211m▐[38;2;18;232;200;48;2;14;237;204m▐[38;2;27;222;193;48;2;22;227;197m▐[38;2;35;211;185;48;2;31;217;189m▐[38;2;44;201;178;48;2;40;206;182m▐[38;2;53;191;171;48;2;48;196;174m▐[38;2;61;181;163;48;2;57;186;167m▐[38;2;69;171;156;48;2;65;176;160m▐[38;2;78;161;148;48;2;74;166;152m▐[38;2;86;150;141;48;2;82;156;145m▐[38;2;95;140;134;48;2;91;145;137m▐[38;2;103;130;126;48;2;99;135;130m▐[38;2;108;124;121;48;2;112;119;118m▋[0m[38;2;115;116;116m▎[0m
 [38;2;0;0;0m      [7m[38;2;1;249;132m▋[0m[38;2;10;228;128;48;2;6;239;130m▐[38;2;20;206;125;48;2;15;217;127m▐[38;2;29;183;121;48;2;24;194;123m▐[38;2;39;161;118;48;2;34;172;119m▐[38;2;48;138;114;48;2;43;149;116m▐[38;2;57;115;111;48;2;53;127;112m▐[0m[7m[38;2;60;95;102m▐[0m[38;2;45;9;34m  [38;2;5;230;198m▐[38;2;10;242;208;48;2;6;247;211m▐[38;2;18;232;200;48;2;14;237;204m▐[38;2;27;222;193;48;2;23;227;197m▐[38;2;35;211;185;48;2;31;217;189m▐[38;2;44;201;178;48;2;40;206;182m▐[38;2;53;191;171;48;2;48;196;174m▐[38;2;61;181;163;48;2;57;186;167m▐[38;2;69;171;156;48;2;65;176;160m▐[38;2;78;161;148;48;2;74;166;152m▐[38;2;86;150;141;48;2;82;156;145m▐[38;2;95;140;134;48;2;91;145;137m▐[38;2;103;130;126;48;2;99;135;130m▐[38;2;108;124;121;48;2;112;119;118m▋[0m[38;2;115;116;116m▎[0m
 [38;2;0;0;0m      [7m[38;2;5;228;123m▋[38;2;8;234;129m▁[38;2;17;211;126m▁[38;2;26;188;122m▁[38;2;36;166;118m▁[38;2;45;143;115m▁[38;2;55;121;111m▁[38;2;58;88;96m▐[0m[38;2;45;9;34m  [38;2;9;210;183m▐[7m[38;2;7;244;209m▁[38;2;16;234;202m▁[38;2;24;224;194m▁[38;2;33;214;187m▁[38;2;42;204;179m▁[38;2;50;194;172m▁[38;2;58;183;165m▁[38;2;67;173;157m▁[38;2;75;163;150m▁[38;2;84;153;142m▁[38;2;92;143;135m▁[38;2;101;133;128m▁[38;2;109;122;120m▁[0m[38;2;108;106;108m▎[0m
 [38;2;99;194;244m▃[38;2;97;186;238m▃[38;2;95;178;232m▃[38;2;92;171;227m▃[38;2;90;164;221m▃[38;2;87;156;215m▃[38;2;85;148;210m▃[38;2;82;141;204m▃[38;2;80;133;198m▃[38;2;77;126;193m▃[38;2;75;118;187m▃[38;2;72;110;181m▃[38;2;70;103;176m▃[38;2;62;69;128m▖  [38;2;141;146;70m▗[38;2;171;196;91m▃[38;2;151;175;97m▃[38;2;131;154;103m▃[38;2;110;133;110m▃[38;2;91;112;116m▃[38;2;71;91;123m▃[38;2;53;52;93m▖[0m       [0m
[7m[38;2;103;204;254m▊[0m[38;2;101;198;248;48;2;102;201;251m▐[38;2;98;190;242;48;2;99;194;245m▐[38;2;97;186;240;48;2;96;182;237m▍[38;2;93;174;231;48;2;94;178;234m▐[38;2;90;166;225;48;2;92;170;228m▐[38;2;88;159;219;48;2;89;163;222m▐[38;2;85;151;213;48;2;87;155;216m▐[38;2;84;147;211;48;2;83;143;208m▍[38;2;82;139;205;48;2;80;136;202m▍[38;2;78;127;196;48;2;79;131;199m▐[38;2;75;120;190;48;2;76;123;193m▐[38;2;73;112;184;48;2;74;116;187m▐[38;2;70;104;178;48;2;71;108;181m▐[0m[7m[38;2;67;91;162m▐[0m[38;2;45;9;34m  [38;2;176;197;83m▐[38;2;170;196;94;48;2;180;206;91m▐[38;2;149;174;101;48;2;159;185;97m▐[38;2;128;153;107;48;2;139;164;104m▐[38;2;107;132;114;48;2;118;142;111m▐[38;2;87;110;120;48;2;97;121;117m▐[38;2;66;88;127;48;2;77;99;124m▐[0m[38;2;57;79;130m▍       [0m
[7m[38;2;103;204;254m▊[0m[38;2;101;198;248;48;2;102;201;251m▐[38;2;98;190;242;48;2;99;194;245m▐[38;2;97;186;240;48;2;96;182;237m▍[38;2;93;174;231;48;2;94;178;234m▐[38;2;90;166;225;48;2;92;170;228m▐[38;2;88;159;219;48;2;89;163;222m▐[38;2;85;151;213;48;2;87;155;216m▐[38;2;84;147;211;48;2;83;143;208m▍[38;2;82;139;205;48;2;80;136;202m▍[38;2;78;127;196;48;2;79;131;199m▐[38;2;75;120;190;48;2;76;123;193m▐[38;2;73;112;184;48;2;74;116;187m▐[38;2;70;104;178;48;2;71;108;181m▐[0m[7m[38;2;67;91;162m▐[0m[38;2;45;9;34m  [38;2;176;197;83m▐[38;2;170;196;94;48;2;180;206;91m▐[38;2;149;174;101;48;2;159;185;97m▐[38;2;128;153;107;48;2;139;164;104m▐[38;2;107;132;114;48;2;118;142;111m▐[38;2;87;110;120;48;2;97;121;117m▐[38;2;66;89;127;48;2;77;99;124m▐[0m[38;2;57;79;130m▍       [0m
[38;2;79;125;164m▝[7m[38;2;95;181;229m▃[38;2;93;174;224m▃[38;2;91;167;219m▃[38;2;88;160;213m▃[38;2;86;153;208m▃[38;2;84;146;203m▃[38;2;82;139;197m▃[38;2;79;132;192m▃[38;2;77;125;187m▃[38;2;75;118;182m▃[38;2;72;111;176m▃[38;2;70;104;171m▃[38;2;68;96;166m▃[0m[38;2;67;91;162m▘  [38;2;176;197;83m▐[38;2;170;196;94;48;2;180;206;91m▐[38;2;149;174;101;48;2;159;185;97m▐[38;2;128;153;107;48;2;139;164;104m▐[38;2;107;132;114;48;2;118;142;111m▐[38;2;87;110;120;48;2;97;121;117m▐[38;2;66;88;127;48;2;77;99;124m▐[0m[38;2;57;79;130m▍       [0m
 [38;2;0;0;0m                [38;2;176;197;83m▐[38;2;170;196;94;48;2;180;206;91m▐[38;2;149;174;101;48;2;159;185;97m▐[38;2;128;153;107;48;2;139;164;104m▐[38;2;107;132;114;48;2;118;142;111m▐[38;2;87;110;120;48;2;97;121;117m▐[38;2;66;88;127;48;2;77;99;124m▐[0m[38;2;57;79;130m▍       [0m
 [38;2;0;0;0m                [38;2;176;197;83m▐[38;2;170;196;94;48;2;180;206;91m▐[38;2;149;174;101;48;2;159;185;97m▐[38;2;128;153;107;48;2;139;164;104m▐[38;2;107;132;114;48;2;118;142;111m▐[38;2;87;110;120;48;2;97;121;117m▐[38;2;66;89;127;48;2;77;99;124m▐[0m[38;2;57;79;130m▍       [0m
 [38;2;0;0;0m                [38;2;172;191;81m▝[38;2;171;195;90m▀[38;2;150;174;97m▀[38;2;131;154;103m▀[38;2;110;133;109m▀[38;2;90;112;116m▀[38;2;70;91;122m▀[38;2;54;66;112m▘       [0m
[?25h